"[0, 2.303646924182739, [2.351273775100708, 2.265503406524658, 2.251584529876709, 2.3734731674194336, 2.302159547805786, 2.3507895469665527, 2.276684284210205, 2.2393267154693604, 2.2921676635742188, 2.2673232555389404], [0.0, 25.37445068359375, 9.980620384216309, 0.0, 0.0, 0.0, 0.10438413918018341, 85.11672973632812, 0.20533882081508636, 5.550049781799316]]","[1, 2.2907872990635605, [2.314232587814331, 2.2771570682525635, 2.2408945560455322, 2.347461462020874, 2.2836601734161377, 2.33723521232605, 2.26404070854187, 2.2375659942626953, 2.2637016773223877, 2.2561521530151367], [0.0, 9.603524208068848, 43.7015495300293, 0.0, 2.0366599559783936, 0.0, 2.2964508533477783, 84.04669189453125, 4.722792625427246, 30.624380111694336]]","[2, 2.2754762126297425, [2.26175856590271, 2.2779364585876465, 2.224550724029541, 2.3212459087371826, 2.2725484371185303, 2.3370161056518555, 2.2473058700561523, 2.2352476119995117, 2.241795301437378, 2.2427194118499756], [1.428571343421936, 9.339207649230957, 68.12015533447266, 0.0, 7.637474536895752, 0.0, 9.29018783569336, 72.5680923461914, 39.21971130371094, 61.9425163269043]]","[3, 2.2587875485163322, [2.2208824157714844, 2.277470350265503, 2.215090036392212, 2.286984443664551, 2.261946678161621, 2.3249776363372803, 2.222374439239502, 2.228522777557373, 2.2170281410217285, 2.2299420833587646], [53.16326141357422, 8.810572624206543, 64.72868347167969, 1.5841584205627441, 13.849287986755371, 0.0, 39.14405059814453, 66.5369644165039, 83.0595474243164, 71.95243072509766]]","[4, 2.239868436717866, [2.1617746353149414, 2.277121067047119, 2.201780319213867, 2.25846529006958, 2.2384133338928223, 2.3110547065734863, 2.1980466842651367, 2.2226402759552, 2.186187505722046, 2.224081516265869], [91.73468780517578, 5.814978122711182, 58.91472625732422, 7.128713130950928, 34.317718505859375, 0.44843050837516785, 64.92693328857422, 65.36964416503906, 96.30390167236328, 54.11298370361328]]","[5, 2.2171501394793958, [2.102966547012329, 2.271242141723633, 2.188114643096924, 2.233224391937256, 2.214757204055786, 2.295849561691284, 2.1577017307281494, 2.204987049102783, 2.1504757404327393, 2.215465784072876], [95.2040786743164, 5.638766765594482, 50.4844970703125, 12.178218841552734, 44.19552230834961, 1.0089685916900635, 76.72234344482422, 68.38521575927734, 98.25462341308594, 36.868186950683594]]","[6, 2.18953880718301, [2.005573034286499, 2.26653790473938, 2.1664421558380127, 2.1920318603515625, 2.184791088104248, 2.278265953063965, 2.1119306087493896, 2.182184934616089, 2.128657341003418, 2.2061655521392822], [97.6530532836914, 10.925110816955566, 53.10077667236328, 45.04950714111328, 55.397151947021484, 2.130044937133789, 83.19415283203125, 70.8171157836914, 95.27720642089844, 32.705650329589844]]","[7, 2.154119963354608, [1.893444538116455, 2.2534117698669434, 2.123704433441162, 2.1394989490509033, 2.160635232925415, 2.2631945610046387, 2.0484583377838135, 2.165611982345581, 2.0764241218566895, 2.2054824829101562], [98.26530456542969, 11.453744888305664, 53.10077667236328, 58.31683349609375, 50.71283721923828, 2.130044937133789, 82.8810043334961, 66.34241485595703, 94.96920013427734, 15.262636184692383]]","[8, 2.1077651030066034, [1.7470396757125854, 2.209505558013916, 2.0790469646453857, 2.105607271194458, 2.117389678955078, 2.240215539932251, 1.9684600830078125, 2.1172168254852295, 2.02107572555542, 2.1946182250976562], [98.6734619140625, 25.37445068359375, 51.55038833618164, 54.75247573852539, 52.24032974243164, 3.2511212825775146, 83.19415283203125, 70.33074188232422, 93.6344985961914, 11.199207305908203]]","[9, 2.045206428675787, [1.5572712421417236, 2.151412010192871, 2.0192739963531494, 2.0486979484558105, 2.0344150066375732, 2.2301955223083496, 1.8710267543792725, 2.0595808029174805, 1.9541449546813965, 2.1584312915802], [98.77550506591797, 39.11894226074219, 51.74418640136719, 58.51485061645508, 62.01629638671875, 3.0269060134887695, 82.04592895507812, 70.33074188232422, 90.34907531738281, 15.262636184692383]]","[10, 1.9590742016658624, [1.3291816711425781, 2.054208517074585, 1.8904590606689453, 1.9386471509933472, 1.9526941776275635, 2.1677913665771484, 1.7782045602798462, 1.9671876430511475, 1.880080223083496, 2.143662929534912], [98.97958374023438, 55.77092742919922, 65.3100814819336, 73.86138916015625, 65.88594818115234, 9.865471839904785, 78.9144058227539, 73.24903106689453, 89.83573150634766, 13.280476570129395]]","[11, 1.8406856346730966, [1.0558712482452393, 1.8810722827911377, 1.7715272903442383, 1.8603651523590088, 1.8134418725967407, 2.0985260009765625, 1.5926833152770996, 1.8061507940292358, 1.7768088579177856, 2.0765151977539062], [98.97958374023438, 71.45374298095703, 65.69767761230469, 69.90098571777344, 69.45010375976562, 17.37668228149414, 82.8810043334961, 77.14007568359375, 87.67967224121094, 17.443012237548828]]","[12, 1.6793346899725803, [0.7496349215507507, 1.6832058429718018, 1.5288423299789429, 1.63016676902771, 1.6352930068969727, 2.015484571456909, 1.459702491760254, 1.642808437347412, 1.6508580446243286, 1.9800331592559814], [98.97958374023438, 77.79735565185547, 76.8410873413086, 80.8910903930664, 74.1344223022461, 20.515697479248047, 79.33193969726562, 77.52918243408203, 86.85832214355469, 25.66897964477539]]","[13, 1.4766895179347808, [0.5362691283226013, 1.4548835754394531, 1.2762762308120728, 1.4364237785339355, 1.4102344512939453, 1.849151849746704, 1.2214277982711792, 1.405671238899231, 1.4274213314056396, 1.8262425661087036], [97.95917510986328, 79.38326263427734, 79.45736694335938, 79.60396575927734, 76.27291870117188, 32.28699493408203, 82.77661895751953, 78.79377746582031, 88.70636749267578, 33.994056701660156]]","[14, 1.2515172343043504, [0.36752164363861084, 1.3565208911895752, 0.9538859724998474, 1.2138214111328125, 1.1854510307312012, 1.5727514028549194, 1.0028789043426514, 1.2345550060272217, 1.243568778038025, 1.6503634452819824], [97.6530532836914, 76.299560546875, 84.98062133789062, 79.50495147705078, 76.7820816040039, 51.34529495239258, 83.6116943359375, 78.21011352539062, 87.06365966796875, 44.20218276977539]]","[15, 1.0415358481495982, [0.2636737823486328, 1.3473408222198486, 0.8221243023872375, 0.932891309261322, 1.017435908317566, 1.3552343845367432, 0.8168345093727112, 1.091477870941162, 0.9733702540397644, 1.5138518810272217], [97.14285278320312, 67.22467041015625, 82.65503692626953, 83.36634063720703, 75.86558532714844, 57.399105072021484, 83.40292358398438, 77.23735809326172, 88.50102996826172, 49.35580062866211]]","[16, 0.875087037229333, [0.23985359072685242, 1.4280778169631958, 0.6372905969619751, 0.8263343572616577, 0.9542458057403564, 1.0771534442901611, 0.7549960613250732, 1.0625396966934204, 0.7294071316719055, 1.3689578771591187], [96.53060913085938, 56.21145248413086, 84.88372039794922, 80.0, 73.11609649658203, 68.38565826416016, 80.27140045166016, 74.41634368896484, 91.58111572265625, 54.608524322509766]]","[17, 0.755547037468571, [0.16323913633823395, 1.4502288103103638, 0.5244960188865662, 0.6383417844772339, 0.9369931817054749, 1.3607150316238403, 0.5910142660140991, 1.0010814666748047, 0.5849751234054565, 1.1753796339035034], [97.448974609375, 53.48017883300781, 86.531005859375, 84.6534652709961, 69.65377044677734, 46.52466583251953, 84.5511474609375, 74.22178649902344, 92.0944595336914, 65.21308135986328]]","[18, 0.6744773842190123, [0.16353152692317963, 1.5416234731674194, 0.552531361579895, 0.5460160374641418, 0.8196478486061096, 0.9372969269752502, 0.6568333506584167, 0.9167546629905701, 0.4736159145832062, 1.3177967071533203], [97.14285278320312, 46.25550842285156, 83.81782531738281, 85.64356231689453, 74.33808898925781, 68.49775695800781, 79.43632507324219, 76.84825134277344, 92.91581726074219, 53.6174430847168]]","[19, 0.6105876321927277, [0.11679978668689728, 1.4604781866073608, 0.44161197543144226, 0.5368208885192871, 0.9376938939094543, 1.1008338928222656, 0.5356127619743347, 0.9090481400489807, 0.4638362526893616, 0.8205083608627319], [98.16326141357422, 51.62995529174805, 87.8875961303711, 84.95049285888672, 64.86762237548828, 60.762332916259766, 84.65553283691406, 73.83268737792969, 91.88912200927734, 80.47572326660156]]","[20, 0.5679051378408396, [0.1324578821659088, 1.6647472381591797, 0.3824312090873718, 0.5829170346260071, 0.9513972997665405, 0.9860931634902954, 0.5511108636856079, 1.0584880113601685, 0.32444143295288086, 0.9095024466514587], [97.55101776123047, 40.08810806274414, 88.66278839111328, 82.27722930908203, 65.68228912353516, 63.67713165283203, 82.35908508300781, 69.94163513183594, 95.3798828125, 74.23191833496094]]","[21, 0.5322881418157877, [0.10159201174974442, 1.4687870740890503, 0.4282495975494385, 0.4100848138332367, 0.7847616076469421, 0.953719973564148, 0.5654576420783997, 0.8375062942504883, 0.35426241159439087, 0.8820807933807373], [98.36734771728516, 50.13216018676758, 87.0155029296875, 88.7128677368164, 72.7087631225586, 66.47982788085938, 82.04592895507812, 77.14007568359375, 92.91581726074219, 76.41229248046875]]","[22, 0.5039155562786501, [0.09390053153038025, 1.525071144104004, 0.4528719186782837, 0.47761431336402893, 0.780602216720581, 0.977171003818512, 0.4631063640117645, 0.8382222652435303, 0.2698831558227539, 0.8569896817207336], [98.26530456542969, 46.16740417480469, 86.531005859375, 85.5445556640625, 73.0142593383789, 64.46188354492188, 85.07307434082031, 77.4319076538086, 95.3798828125, 75.52031707763672]]","[23, 0.4817947410986415, [0.09503205865621567, 1.6513506174087524, 0.39995113015174866, 0.29167377948760986, 0.8826882839202881, 1.2043105363845825, 0.480213463306427, 0.8938906192779541, 0.2883652150630951, 0.8751398921012878], [98.26530456542969, 41.58590316772461, 87.8875961303711, 92.37623596191406, 68.839111328125, 53.13901901245117, 85.49060821533203, 75.48638153076172, 93.12115478515625, 75.22299194335938]]","[24, 0.4664818427933859, [0.09735389053821564, 1.551279067993164, 0.3962332606315613, 0.5166980624198914, 0.7758066058158875, 0.7828794717788696, 0.6050585508346558, 0.851832926273346, 0.21262076497077942, 0.737411618232727], [98.36734771728516, 44.66960525512695, 87.5969009399414, 83.16831970214844, 72.81059265136719, 72.86995697021484, 79.33193969726562, 76.75096893310547, 95.99589538574219, 79.68285369873047]]","[25, 0.4430465059386781, [0.09116324037313461, 1.5541874170303345, 0.3186391294002533, 0.3557300269603729, 1.0013389587402344, 0.9151528477668762, 0.4378768503665924, 0.877232551574707, 0.2630779445171356, 0.746868371963501], [98.36734771728516, 46.07929611206055, 90.40697479248047, 90.0, 64.15479278564453, 67.82511138916016, 86.43006896972656, 76.36186218261719, 93.6344985961914, 79.38552856445312]]","[26, 0.428750616268307, [0.09195372462272644, 1.515308141708374, 0.4355868995189667, 0.3831838369369507, 0.9297025799751282, 0.8836795091629028, 0.5199230909347534, 0.7624648809432983, 0.1994720995426178, 0.5758267641067505], [98.36734771728516, 45.99119186401367, 86.6279067993164, 89.00990295410156, 64.9694595336914, 69.17041015625, 83.19415283203125, 78.69649505615234, 95.48255157470703, 85.23291015625]]","[27, 0.4189937432527413, [0.07698813825845718, 1.4171345233917236, 0.349039226770401, 0.4658227264881134, 0.7418996691703796, 0.7005181908607483, 0.4020405411720276, 0.778059184551239, 0.23165345191955566, 0.6669182181358337], [98.4693832397461, 51.101322174072266, 89.24418640136719, 85.04950714111328, 74.23625946044922, 77.24215698242188, 87.26513671875, 78.5992202758789, 94.55852508544922, 82.16055297851562]]","[28, 0.40538960754408093, [0.0723976194858551, 1.4653501510620117, 0.3390534818172455, 0.37866219878196716, 0.5480332970619202, 0.773914635181427, 0.38634034991264343, 0.7169471383094788, 0.2519282102584839, 0.7285489439964294], [98.57142639160156, 50.39647674560547, 90.01937866210938, 88.91089630126953, 82.58656311035156, 73.7668228149414, 88.20458984375, 80.93385314941406, 93.6344985961914, 78.59266662597656]]","[29, 0.3938594862441269, [0.07391189783811569, 1.270477294921875, 0.38503938913345337, 0.2910569906234741, 0.7461327910423279, 0.8121563792228699, 0.34576407074928284, 0.8165770769119263, 0.24563360214233398, 0.5734642744064331], [98.4693832397461, 59.03083801269531, 88.0813980102539, 91.78218078613281, 74.43992614746094, 72.19731140136719, 89.35282135009766, 77.23735809326172, 93.12115478515625, 84.73736572265625]]","[30, 0.3792463695479501, [0.07520229369401932, 1.6359243392944336, 0.3716075122356415, 0.47279268503189087, 0.798026978969574, 0.8759688138961792, 0.41433027386665344, 0.881961464881897, 0.13789843022823334, 0.6312721967697144], [98.36734771728516, 38.67841339111328, 88.5658950805664, 84.85148620605469, 72.60692596435547, 68.16143798828125, 86.84760284423828, 75.48638153076172, 97.33059692382812, 81.6650161743164]]","[31, 0.37691966749178385, [0.08534836024045944, 1.6957398653030396, 0.36039039492607117, 0.48226189613342285, 1.0098824501037598, 1.0461336374282837, 0.4028817117214203, 0.8900541663169861, 0.10696360468864441, 0.6827362775802612], [97.95917510986328, 34.801761627197266, 88.5658950805664, 84.85148620605469, 65.4786148071289, 60.2017936706543, 86.95198059082031, 75.68093872070312, 97.94661712646484, 78.19623565673828]]","[32, 0.36402200418635544, [0.06648541241884232, 1.511142611503601, 0.42851606011390686, 0.38542044162750244, 0.8574882745742798, 0.8274029493331909, 0.39503213763237, 0.8306336998939514, 0.13977815210819244, 0.5361716151237488], [98.6734619140625, 43.964759826660156, 86.531005859375, 88.41584014892578, 69.75559997558594, 70.2914810180664, 87.78705596923828, 75.97276306152344, 97.02259063720703, 84.53915405273438]]","[33, 0.35562705470586803, [0.06080472096800804, 1.246999979019165, 0.39234232902526855, 0.40073418617248535, 0.7072613835334778, 0.7934804558753967, 0.37107956409454346, 0.6983028054237366, 0.1538204550743103, 0.5667151808738708], [98.87754821777344, 56.47576904296875, 87.9844970703125, 88.11881256103516, 74.64358520507812, 72.53363800048828, 88.51774597167969, 80.44747161865234, 96.61190795898438, 83.54806518554688]]","[34, 0.3483912965238773, [0.09362232685089111, 1.3474479913711548, 0.28534916043281555, 0.293474018573761, 0.684775710105896, 0.5951261520385742, 0.32443156838417053, 0.8935590982437134, 0.2013428807258606, 0.8172101378440857], [97.6530532836914, 54.096920013427734, 90.7945785522461, 91.2871322631836, 77.59674835205078, 79.59642028808594, 89.9791259765625, 76.84825134277344, 94.55852508544922, 74.92567443847656]]","[35, 0.3394082400321053, [0.0708799660205841, 1.4706926345825195, 0.37890446186065674, 0.4137036204338074, 0.6790021657943726, 1.0373810529708862, 0.32895851135253906, 0.8916380405426025, 0.10972073674201965, 0.6500440835952759], [98.26530456542969, 44.75770950317383, 88.3720932006836, 86.93069458007812, 76.27291870117188, 60.87444305419922, 90.18789672851562, 75.48638153076172, 97.63861083984375, 79.58374786376953]]","[36, 0.331944493142957, [0.0743527039885521, 1.2121119499206543, 0.3999664783477783, 0.35609671473503113, 0.6939424276351929, 0.7750827074050903, 0.3448050618171692, 0.6755263805389404, 0.13490325212478638, 0.5387404561042786], [98.26530456542969, 57.26872634887695, 87.9844970703125, 89.00990295410156, 75.05091857910156, 72.86995697021484, 89.77035522460938, 81.22567749023438, 96.50923919677734, 83.64717864990234]]","[37, 0.3239861391113932, [0.053598493337631226, 1.2350265979766846, 0.32318493723869324, 0.31791412830352783, 0.7556353807449341, 0.9121758937835693, 0.2937636375427246, 0.9585068821907043, 0.16339577734470367, 0.48879286646842957], [98.6734619140625, 57.709251403808594, 89.72868347167969, 89.90099334716797, 73.31975555419922, 68.60987091064453, 90.81419372558594, 72.95719909667969, 95.89322662353516, 85.43112182617188]]","[38, 0.31801261300057204, [0.06825847923755646, 1.086243987083435, 0.3587462604045868, 0.33454594016075134, 0.6441986560821533, 0.6517735123634338, 0.31050869822502136, 0.7631065249443054, 0.15169881284236908, 0.5236034989356995], [98.4693832397461, 65.11013793945312, 89.05038452148438, 89.80198669433594, 78.30957794189453, 78.475341796875, 90.9185791015625, 79.57198333740234, 95.6878890991211, 84.53915405273438]]","[39, 0.31586849943986284, [0.05899200960993767, 1.3107333183288574, 0.3273816704750061, 0.35214293003082275, 0.6443083882331848, 0.7206171154975891, 0.2753590941429138, 0.7151463627815247, 0.14627312123775482, 0.655998170375824], [98.4693832397461, 52.77532958984375, 89.53488159179688, 88.7128677368164, 79.02240753173828, 75.78475189208984, 91.44050598144531, 81.7120590209961, 96.40657043457031, 79.68285369873047]]","[40, 0.3044206735603032, [0.06366423517465591, 1.150691270828247, 0.3140637278556824, 0.27022257447242737, 0.6568254828453064, 0.8017047643661499, 0.33436843752861023, 0.7778120040893555, 0.1510917842388153, 0.5839554071426392], [98.4693832397461, 62.02643585205078, 89.9224853515625, 91.48514556884766, 77.59674835205078, 73.31838989257812, 89.87474060058594, 80.05836486816406, 95.99589538574219, 82.35877227783203]]","[41, 0.30131512935550003, [0.06725984066724777, 1.110878825187683, 0.3103320896625519, 0.3454734981060028, 0.6623744964599609, 0.5730206370353699, 0.2768470346927643, 0.7833426594734192, 0.14794836938381195, 0.5658379793167114], [98.16326141357422, 64.05287170410156, 89.8255844116211, 89.40594482421875, 77.9022445678711, 80.71749114990234, 91.75365447998047, 79.4747085571289, 96.20123291015625, 82.75521087646484]]","[42, 0.29372555398385763, [0.05924675986170769, 0.9868478178977966, 0.2738621234893799, 0.24125631153583527, 0.6025611758232117, 0.7861343026161194, 0.29113781452178955, 0.7232345342636108, 0.20955996215343475, 0.4588395953178406], [98.26530456542969, 70.48458099365234, 91.37596893310547, 92.27722930908203, 79.6333999633789, 73.54261016845703, 91.54488372802734, 81.0311279296875, 93.94251251220703, 86.62042236328125]]","[43, 0.2886220697179431, [0.059758394956588745, 1.081478476524353, 0.37687328457832336, 0.5020105242729187, 0.5186560153961182, 0.6605281829833984, 0.22997643053531647, 0.7195073366165161, 0.11140594631433487, 0.6120447516441345], [98.57142639160156, 61.05727005004883, 88.66278839111328, 84.35643768310547, 83.29939270019531, 78.2511215209961, 92.79749298095703, 80.73930358886719, 97.33059692382812, 80.07928466796875]]","[44, 0.2874997902364756, [0.06861768662929535, 1.0649946928024292, 0.2909608483314514, 0.3692438304424286, 0.5623844265937805, 0.5446903705596924, 0.2542869746685028, 0.7207533717155457, 0.1488085240125656, 0.5332816243171692], [98.16326141357422, 64.93392181396484, 90.69767761230469, 88.51485443115234, 81.36456298828125, 81.61434936523438, 92.58872985839844, 80.93385314941406, 96.09856414794922, 83.54806518554688]]","[45, 0.28112272686536244, [0.07427418977022171, 1.1665902137756348, 0.3664984703063965, 0.29725024104118347, 0.6494126319885254, 0.7367316484451294, 0.3005763590335846, 0.8445724844932556, 0.09761486947536469, 0.6668193936347961], [98.06121826171875, 57.00440216064453, 88.66278839111328, 90.59406280517578, 78.30957794189453, 74.77578735351562, 90.81419372558594, 77.14007568359375, 97.43326568603516, 77.30426025390625]]","[46, 0.2787643693795678, [0.06127653643488884, 1.0066957473754883, 0.33539578318595886, 0.3856939673423767, 0.6481358408927917, 0.9114915728569031, 0.20548319816589355, 0.6768882870674133, 0.11189708113670349, 0.5221161246299744], [98.26530456542969, 65.5506591796875, 89.24418640136719, 87.5247573852539, 78.71691131591797, 68.60987091064453, 93.84133911132812, 81.42022705078125, 97.12525939941406, 82.95342254638672]]","[47, 0.2690803862143445, [0.05838579311966896, 1.0487585067749023, 0.3273484706878662, 0.2719373106956482, 0.48363471031188965, 0.8128640055656433, 0.2619000971317291, 0.7801679372787476, 0.13086940348148346, 0.5468151569366455], [98.36734771728516, 64.93392181396484, 89.63178253173828, 91.78218078613281, 84.72505950927734, 73.20628356933594, 91.85803985595703, 79.1828842163086, 96.40657043457031, 82.95342254638672]]","[48, 0.26383893003783304, [0.050149813294410706, 0.8539626598358154, 0.30160558223724365, 0.2619796097278595, 0.5661910176277161, 0.73768150806427, 0.22481420636177063, 0.7349966764450073, 0.1625567376613617, 0.4739643335342407], [98.6734619140625, 73.6563949584961, 90.50387573242188, 91.48514556884766, 81.6700668334961, 75.3363265991211, 93.21502685546875, 80.54474639892578, 95.27720642089844, 86.02577209472656]]","[49, 0.2589033302887592, [0.07621697336435318, 0.9145942330360413, 0.30225858092308044, 0.3750450015068054, 0.5651310086250305, 0.5334737300872803, 0.2341906726360321, 0.6984973549842834, 0.1088990569114685, 0.6317227482795715], [98.06121826171875, 69.77973937988281, 90.21318054199219, 87.9207992553711, 81.6700668334961, 82.17488861083984, 92.693115234375, 82.5875473022461, 97.43326568603516, 78.6917724609375]]","[50, 0.25891158970185546, [0.05364079400897026, 0.9969141483306885, 0.297943651676178, 0.22520749270915985, 0.6192413568496704, 0.9598339200019836, 0.29584720730781555, 0.7910226583480835, 0.13205693662166595, 0.48795080184936523], [98.57142639160156, 67.13656616210938, 90.50387573242188, 92.77227783203125, 79.22607421875, 68.94619750976562, 90.81419372558594, 78.50194549560547, 95.89322662353516, 84.63825225830078]]","[51, 0.25265031327744, [0.05829448252916336, 1.038386583328247, 0.34321245551109314, 0.4286450445652008, 0.6352130174636841, 0.7227305769920349, 0.27058127522468567, 0.6579769253730774, 0.07972149550914764, 0.6566417217254639], [98.77550506591797, 60.61674499511719, 89.14728546142578, 85.7425765991211, 79.1242446899414, 75.67265319824219, 91.6492691040039, 83.26847839355469, 97.74127960205078, 77.30426025390625]]","[52, 0.24982060470107156, [0.06376970559358597, 1.0254592895507812, 0.319399893283844, 0.3000414967536926, 0.6545208692550659, 0.6692119836807251, 0.23015332221984863, 0.7880049347877502, 0.10822266340255737, 0.4583218991756439], [98.36734771728516, 63.612335205078125, 89.8255844116211, 90.79208374023438, 78.00408172607422, 78.02690887451172, 92.48434448242188, 78.5992202758789, 97.33059692382812, 85.62934112548828]]","[53, 0.24229899520386444, [0.05415554344654083, 0.6972171068191528, 0.26760250329971313, 0.2337515950202942, 0.4860793650150299, 0.7673963308334351, 0.23628786206245422, 0.6845822334289551, 0.16636903584003448, 0.416888952255249], [98.6734619140625, 80.70484924316406, 91.76356506347656, 92.47525024414062, 84.4195556640625, 74.77578735351562, 92.9018783569336, 81.51750946044922, 95.07186889648438, 87.51239013671875]]","[54, 0.23951259793700502, [0.05608633905649185, 0.8297531604766846, 0.331794410943985, 0.2777441740036011, 0.4512784779071808, 0.6567414402961731, 0.21950525045394897, 0.7575088739395142, 0.12061922252178192, 0.51071697473526], [98.57142639160156, 73.30397033691406, 89.8255844116211, 91.38613891601562, 85.23422241210938, 78.13902282714844, 93.00626373291016, 79.66925811767578, 96.919921875, 83.64717864990234]]","[55, 0.23452846444979114, [0.056814905256032944, 0.7777578234672546, 0.252185195684433, 0.2236918807029724, 0.6357569694519043, 0.736569344997406, 0.22013285756111145, 0.8016865849494934, 0.14897046983242035, 0.432198166847229], [98.57142639160156, 77.35682678222656, 92.05426788330078, 92.77227783203125, 78.92057037353516, 75.44843292236328, 93.4238052368164, 79.08560180664062, 95.6878890991211, 86.91773986816406]]","[56, 0.23418865953585755, [0.04908515885472298, 0.7904411554336548, 0.3723255395889282, 0.2374998927116394, 0.5405978560447693, 0.8819711208343506, 0.2248576134443283, 0.7121450901031494, 0.12468109279870987, 0.35371217131614685], [98.77550506591797, 74.53744506835938, 88.66278839111328, 92.57426452636719, 81.36456298828125, 71.41255950927734, 92.79749298095703, 79.28015899658203, 95.99589538574219, 89.0981216430664]]","[57, 0.22815637816181564, [0.0518110916018486, 0.946148693561554, 0.2828645706176758, 0.3357478976249695, 0.5813532471656799, 0.7947530150413513, 0.21670202910900116, 0.754292368888855, 0.09651192277669907, 0.5376814603805542], [98.57142639160156, 67.22467041015625, 90.7945785522461, 89.10891723632812, 80.44806671142578, 73.99103546142578, 93.11064910888672, 80.25291442871094, 97.33059692382812, 81.56591033935547]]","[58, 0.2261493620815121, [0.05980467051267624, 0.7906403541564941, 0.253349244594574, 0.31928473711013794, 0.670139491558075, 0.6621557474136353, 0.21642865240573883, 0.8459272980690002, 0.10545144975185394, 0.43147802352905273], [98.4693832397461, 75.50660705566406, 92.44186401367188, 89.70297241210938, 77.80040740966797, 77.91480255126953, 93.31941223144531, 77.7237319946289, 97.2279281616211, 86.02577209472656]]","[59, 0.22525497023933175, [0.05452590808272362, 0.7289299964904785, 0.2802804708480835, 0.32981088757514954, 0.5655603408813477, 0.6451648473739624, 0.20891427993774414, 0.6884825229644775, 0.1003168374300003, 0.5469042658805847], [98.57142639160156, 77.00440979003906, 90.98837280273438, 89.40594482421875, 81.05906677246094, 78.58744812011719, 93.21502685546875, 82.10116577148438, 97.33059692382812, 81.3676986694336]]","[60, 0.21857415648729686, [0.05958209186792374, 0.7208243608474731, 0.31657886505126953, 0.2584133446216583, 0.5282356142997742, 0.7832047939300537, 0.18094336986541748, 0.7193775773048401, 0.10124935209751129, 0.5630084276199341], [98.4693832397461, 77.97357177734375, 89.8255844116211, 91.78218078613281, 82.28106689453125, 73.7668228149414, 94.3632583618164, 80.93385314941406, 97.33059692382812, 81.07036590576172]]","[61, 0.21308612350249578, [0.054572876542806625, 0.7251016497612, 0.28511202335357666, 0.24113784730434418, 0.4389822483062744, 0.6718290448188782, 0.1837615817785263, 0.6540799140930176, 0.13395819067955017, 0.4899370074272156], [98.26530456542969, 78.5903091430664, 91.08527374267578, 92.07920837402344, 85.23422241210938, 77.80269622802734, 94.46764373779297, 82.5875473022461, 96.09856414794922, 84.1427230834961]]","[62, 0.21160674533683013, [0.04401079937815666, 0.5665366053581238, 0.2655996084213257, 0.2412191778421402, 0.44175705313682556, 0.8116880655288696, 0.19597627222537994, 0.6472911834716797, 0.14257387816905975, 0.46425139904022217], [98.97958374023438, 85.6387710571289, 92.05426788330078, 92.17822265625, 85.53971862792969, 74.21524810791016, 93.94572448730469, 83.17120361328125, 95.6878890991211, 85.53022766113281]]","[63, 0.20655940485895524, [0.051498204469680786, 0.7533203363418579, 0.2821815609931946, 0.25199949741363525, 0.4640820026397705, 0.5984629988670349, 0.19178138673305511, 0.6972706317901611, 0.11523483693599701, 0.5931152105331421], [98.87754821777344, 76.7400894165039, 91.37596893310547, 91.78218078613281, 85.13238525390625, 79.82063293457031, 94.15448760986328, 82.49027252197266, 96.61190795898438, 79.78196716308594]]","[64, 0.20509762024617664, [0.04590392857789993, 0.6522712707519531, 0.2746148109436035, 0.2802477478981018, 0.3962008059024811, 0.6722155809402466, 0.19266338646411896, 0.6741835474967957, 0.12125454097986221, 0.506403386592865], [98.97958374023438, 81.14537811279297, 91.86046600341797, 90.79208374023438, 86.96538543701172, 78.2511215209961, 94.15448760986328, 82.39299774169922, 97.02259063720703, 83.349853515625]]","[65, 0.20229967156694936, [0.05139296129345894, 0.673271656036377, 0.30228033661842346, 0.24651364982128143, 0.4443588852882385, 0.774490237236023, 0.1950419843196869, 0.6287060976028442, 0.09933203458786011, 0.686896562576294], [98.6734619140625, 80.0, 90.7945785522461, 92.07920837402344, 85.4378890991211, 74.77578735351562, 93.94572448730469, 83.94941711425781, 97.43326568603516, 76.31318664550781]]","[66, 0.19694674475021778, [0.049604564905166626, 0.8230224251747131, 0.28552499413490295, 0.3366307318210602, 0.6100481152534485, 0.8110320568084717, 0.19873595237731934, 0.7340148687362671, 0.08501863479614258, 0.42482444643974304], [98.77550506591797, 71.98237609863281, 90.89147186279297, 89.00990295410156, 79.53157043457031, 74.10314178466797, 93.63257598876953, 79.57198333740234, 97.53593444824219, 85.43112182617188]]","[67, 0.19520804524838895, [0.04872201755642891, 0.6640809774398804, 0.2771281898021698, 0.2791256904602051, 0.47700709104537964, 0.7541463971138, 0.1994299590587616, 0.6908097863197327, 0.09885557740926743, 0.46150463819503784], [98.87754821777344, 80.17621612548828, 91.56977081298828, 91.2871322631836, 84.3177261352539, 75.78475189208984, 93.73695373535156, 81.32295227050781, 97.33059692382812, 84.24182891845703]]","[68, 0.1924987529495866, [0.03986268863081932, 0.7010291814804077, 0.3174915909767151, 0.33422622084617615, 0.49693289399147034, 0.7904776930809021, 0.19741246104240417, 0.6252037882804871, 0.09221804887056351, 0.4471975266933441], [99.18367004394531, 78.5903091430664, 90.11627960205078, 89.20792388916016, 83.40122985839844, 74.88789367675781, 93.52819061279297, 83.17120361328125, 97.53593444824219, 84.83647918701172]]","[69, 0.1904934926513545, [0.04403863847255707, 0.5509463548660278, 0.25943806767463684, 0.20983852446079254, 0.2791120111942291, 0.8339594006538391, 0.17981263995170593, 0.5976435542106628, 0.14109918475151062, 0.6970163583755493], [98.97958374023438, 85.55066680908203, 92.15116882324219, 93.26732635498047, 91.34420013427734, 73.8789291381836, 94.46764373779297, 85.11672973632812, 95.99589538574219, 76.61050415039062]]","[70, 0.19052372320978211, [0.04710344225168228, 0.5614687204360962, 0.2768396735191345, 0.30641594529151917, 0.42849254608154297, 0.6243150234222412, 0.1704779714345932, 0.689807116985321, 0.10471050441265106, 0.4427008330821991], [98.77550506591797, 84.1409683227539, 91.47286987304688, 89.80198669433594, 85.7433853149414, 78.92377471923828, 94.46764373779297, 81.12840270996094, 97.2279281616211, 85.0346908569336]]","[71, 0.18483648326384236, [0.04219930246472359, 0.6357461810112, 0.26008906960487366, 0.21740810573101044, 0.46071451902389526, 0.8148175477981567, 0.20282475650310516, 0.6532272100448608, 0.11114808917045593, 0.5388099551200867], [99.08162689208984, 81.76211547851562, 91.86046600341797, 93.06930541992188, 85.03055572509766, 74.10314178466797, 93.63257598876953, 83.26847839355469, 96.81724548339844, 81.16947174072266]]","[72, 0.1805309738112614, [0.049875110387802124, 0.5048213601112366, 0.23817789554595947, 0.25021126866340637, 0.36719974875450134, 0.6056943535804749, 0.17955662310123444, 0.6059936881065369, 0.11990845203399658, 0.539177656173706], [98.77550506591797, 86.78414154052734, 92.73255920410156, 91.48514556884766, 87.47454833984375, 79.7085189819336, 94.3632583618164, 84.43579864501953, 96.81724548339844, 81.76412963867188]]","[73, 0.179448625406733, [0.051671165972948074, 0.6514327526092529, 0.2720838487148285, 0.24479588866233826, 0.5739670395851135, 0.7371526956558228, 0.1815897673368454, 0.6770489811897278, 0.08924155682325363, 0.4804706573486328], [98.6734619140625, 80.44053649902344, 91.95736694335938, 91.78218078613281, 80.85540008544922, 76.12107849121094, 94.05010986328125, 82.29572296142578, 97.43326568603516, 83.05252838134766]]","[74, 0.1758404405302682, [0.04369910806417465, 0.5493665337562561, 0.25118470191955566, 0.21702885627746582, 0.42324569821357727, 0.7495678663253784, 0.17037375271320343, 0.6156824827194214, 0.12707121670246124, 0.4178846776485443], [98.87754821777344, 85.37445068359375, 92.34496307373047, 93.16831970214844, 85.64154815673828, 76.00897216796875, 94.57202911376953, 83.56031036376953, 96.40657043457031, 86.52130889892578]]","[75, 0.17623742226916633, [0.0417664498090744, 0.5180338621139526, 0.2579103410243988, 0.21139399707317352, 0.41378912329673767, 0.7480690479278564, 0.17330409586429596, 0.654857337474823, 0.11843497306108475, 0.47745877504348755], [98.97958374023438, 85.6387710571289, 92.15116882324219, 93.16831970214844, 85.94705200195312, 75.78475189208984, 94.3632583618164, 82.87937927246094, 96.7145767211914, 83.74628448486328]]","[76, 0.17022242050561298, [0.042858537286520004, 0.5392311811447144, 0.2666710317134857, 0.2828071713447571, 0.36520060896873474, 0.5621325373649597, 0.176738440990448, 0.6123954653739929, 0.10728901624679565, 0.45682087540626526], [98.97958374023438, 85.02202606201172, 92.15116882324219, 90.49504852294922, 87.67821502685547, 81.05381774902344, 94.25887298583984, 83.85214233398438, 97.2279281616211, 84.73736572265625]]","[77, 0.1681541294161294, [0.040748484432697296, 0.4883479177951813, 0.239592045545578, 0.21780017018318176, 0.4805521070957184, 0.6673558950424194, 0.16084034740924835, 0.6489801406860352, 0.13722410798072815, 0.3176211714744568], [98.97958374023438, 87.4889907836914, 92.82946014404297, 93.4653549194336, 83.60488891601562, 78.36323547363281, 94.78079986572266, 82.29572296142578, 95.89322662353516, 90.08920288085938]]","[78, 0.16803895735119376, [0.04497460275888443, 0.6639842987060547, 0.3378349542617798, 0.29347243905067444, 0.47667980194091797, 0.715894341468811, 0.2090034782886505, 0.6903259754180908, 0.06769248098134995, 0.4542306661605835], [98.97958374023438, 79.2070541381836, 89.8255844116211, 90.1980209350586, 83.91039276123047, 76.34529113769531, 92.9018783569336, 80.44747161865234, 98.1519546508789, 83.349853515625]]","[79, 0.1628657192428693, [0.04483844339847565, 0.5476880073547363, 0.23541249334812164, 0.24288775026798248, 0.40872761607170105, 0.6450473070144653, 0.1541440784931183, 0.609295666217804, 0.11179742962121964, 0.5255796909332275], [98.77550506591797, 84.93392181396484, 93.31394958496094, 91.78218078613281, 86.15071868896484, 79.03588104248047, 95.40709686279297, 84.53307342529297, 96.81724548339844, 81.76412963867188]]","[80, 0.16170958942581495, [0.048601265996694565, 0.5899235010147095, 0.26911890506744385, 0.251262903213501, 0.45900213718414307, 0.6954210996627808, 0.16547712683677673, 0.6492248177528381, 0.08443306386470795, 0.5305588841438293], [98.6734619140625, 82.81938171386719, 92.05426788330078, 91.48514556884766, 84.62322235107422, 77.13005065917969, 95.09394836425781, 83.07392883300781, 97.63861083984375, 81.07036590576172]]","[81, 0.15844488658467948, [0.03890475630760193, 0.4671156704425812, 0.25442737340927124, 0.2131344974040985, 0.4186168909072876, 0.6982449889183044, 0.1890103667974472, 0.5757536292076111, 0.11105339974164963, 0.40072357654571533], [99.18367004394531, 88.01762390136719, 92.44186401367188, 93.26732635498047, 85.53971862792969, 77.69058990478516, 93.84133911132812, 85.5058364868164, 96.919921875, 87.31417846679688]]","[82, 0.15682239422427796, [0.038677066564559937, 0.5621652007102966, 0.28966057300567627, 0.27825021743774414, 0.44650742411613464, 0.6815474033355713, 0.17840132117271423, 0.6907342672348022, 0.09336651861667633, 0.31628909707069397], [99.08162689208984, 83.700439453125, 91.56977081298828, 91.089111328125, 84.82688903808594, 77.69058990478516, 94.25887298583984, 80.64202117919922, 97.63861083984375, 89.89098358154297]]","[83, 0.15646776487979905, [0.05161161720752716, 0.5473940968513489, 0.2380838692188263, 0.24926351010799408, 0.4852159917354584, 0.7390478253364563, 0.1539895385503769, 0.5773815512657166, 0.08759681135416031, 0.5219349265098572], [98.57142639160156, 84.58149719238281, 93.12015533447266, 91.48514556884766, 83.50305938720703, 76.45740509033203, 95.51148223876953, 85.21400451660156, 97.63861083984375, 81.3676986694336]]","[84, 0.1523678021082128, [0.041833460330963135, 0.6115617156028748, 0.3008669316768646, 0.30312228202819824, 0.3627443015575409, 0.6873190999031067, 0.17695920169353485, 0.6554369330406189, 0.07653246819972992, 0.49799996614456177], [98.97958374023438, 81.58590698242188, 90.98837280273438, 90.29702758789062, 87.27088165283203, 77.57847595214844, 94.25887298583984, 82.19844055175781, 97.74127960205078, 82.2596664428711]]","[85, 0.15043018055074497, [0.044923946261405945, 0.6761646270751953, 0.28586873412132263, 0.30739426612854004, 0.5512949228286743, 0.8056769371032715, 0.1603003740310669, 0.6410967707633972, 0.06716758012771606, 0.5080310106277466], [98.6734619140625, 78.76651763916016, 91.56977081298828, 89.80198669433594, 81.77189636230469, 74.43946838378906, 95.19833374023438, 83.17120361328125, 98.04928588867188, 81.466796875]]","[86, 0.14866683753555646, [0.05121279135346413, 0.5251113772392273, 0.2585592567920685, 0.3009231388568878, 0.4312410354614258, 0.706954836845398, 0.1566656231880188, 0.5856151580810547, 0.0744238793849945, 0.49874147772789], [98.57142639160156, 84.84581756591797, 92.53876495361328, 90.0, 85.03055572509766, 77.24215698242188, 95.19833374023438, 85.01945495605469, 97.94661712646484, 82.16055297851562]]","[87, 0.1464171251322037, [0.04130005091428757, 0.5409314632415771, 0.31649503111839294, 0.31132420897483826, 0.3476429283618927, 0.6564154624938965, 0.14705167710781097, 0.6224609613418579, 0.07871907949447632, 0.5529463291168213], [98.87754821777344, 84.31718444824219, 90.50387573242188, 89.80198669433594, 87.78004455566406, 79.26009368896484, 95.6158676147461, 83.4630355834961, 97.94661712646484, 80.27750396728516]]","[88, 0.14476658888651292, [0.03571580722928047, 0.369149774312973, 0.2137461155653, 0.18504472076892853, 0.44928988814353943, 0.6495156288146973, 0.16909363865852356, 0.5624696016311646, 0.1423993557691574, 0.3129669427871704], [99.08162689208984, 91.89427185058594, 93.99224853515625, 94.3564453125, 84.52139282226562, 78.92377471923828, 94.57202911376953, 85.79766845703125, 95.79055786132812, 90.48563385009766]]","[89, 0.14196395983579818, [0.04283162206411362, 0.5673317313194275, 0.31121954321861267, 0.2961689531803131, 0.4158748984336853, 0.7385125756263733, 0.17018736898899078, 0.619174599647522, 0.06934815645217896, 0.4409014582633972], [98.77550506591797, 82.99559783935547, 90.89147186279297, 90.49504852294922, 85.7433853149414, 76.56951141357422, 94.88518524169922, 82.5875473022461, 97.94661712646484, 83.94449615478516]]","[90, 0.14079908513409375, [0.0391005240380764, 0.3990928530693054, 0.22051317989826202, 0.2534182667732239, 0.2840059697628021, 0.5600698590278625, 0.1593981832265854, 0.5314643383026123, 0.11094875633716583, 0.5997615456581116], [98.87754821777344, 90.83700561523438, 93.70154571533203, 91.48514556884766, 90.73320007324219, 81.95067596435547, 95.40709686279297, 87.45136260986328, 96.81724548339844, 79.18731689453125]]","[91, 0.13982865543639014, [0.04049810394644737, 0.42538395524024963, 0.24252596497535706, 0.2042432576417923, 0.4275325834751129, 0.6125488877296448, 0.1469011753797531, 0.6571680903434753, 0.1019178256392479, 0.4126686453819275], [98.87754821777344, 89.3392105102539, 92.82946014404297, 92.97029876708984, 85.33605194091797, 79.9327392578125, 95.82463836669922, 82.68482971191406, 96.919921875, 86.3230972290039]]","[92, 0.1362918224875011, [0.0367114320397377, 0.41241320967674255, 0.2517629861831665, 0.2316623032093048, 0.3304640054702759, 0.6271900534629822, 0.15507929027080536, 0.5291401147842407, 0.10301648825407028, 0.4778768718242645], [98.87754821777344, 89.86784362792969, 92.73255920410156, 92.17822265625, 88.69654083251953, 79.59642028808594, 95.6158676147461, 86.67314910888672, 97.12525939941406, 84.24182891845703]]","[93, 0.1359857188100593, [0.03930291160941124, 0.44391360878944397, 0.24213393032550812, 0.24477265775203705, 0.32187169790267944, 0.6807208061218262, 0.159145787358284, 0.5684664845466614, 0.09080801159143448, 0.5341507196426392], [98.87754821777344, 88.37004852294922, 92.92636108398438, 91.88119506835938, 89.30754089355469, 78.2511215209961, 95.40709686279297, 85.79766845703125, 97.43326568603516, 81.56591033935547]]","[94, 0.1320049728654825, [0.04066372662782669, 0.41299110651016235, 0.2464279681444168, 0.2338400036096573, 0.40413403511047363, 0.6089763641357422, 0.1486356556415558, 0.5429345369338989, 0.09626434743404388, 0.39229515194892883], [98.87754821777344, 89.51541900634766, 92.53876495361328, 92.07920837402344, 85.84522247314453, 79.7085189819336, 95.72025299072266, 86.18677520751953, 97.2279281616211, 87.01685333251953]]","[95, 0.1302794002864129, [0.04154995456337929, 0.5027000904083252, 0.2807867228984833, 0.26127225160598755, 0.4399773180484772, 0.7500133514404297, 0.14806236326694489, 0.6285970211029053, 0.07576105743646622, 0.3715950548648834], [98.87754821777344, 85.99119567871094, 91.86046600341797, 91.38613891601562, 84.62322235107422, 75.89686584472656, 95.6158676147461, 82.87937927246094, 97.74127960205078, 87.41328430175781]]","[96, 0.12903828941620699, [0.038324445486068726, 0.44583648443222046, 0.2730117738246918, 0.2226996123790741, 0.3582392632961273, 0.6231957674026489, 0.15315835177898407, 0.5885210037231445, 0.08953104168176651, 0.4156050980091095], [98.87754821777344, 87.92951965332031, 92.05426788330078, 92.47525024414062, 87.57637786865234, 79.7085189819336, 95.6158676147461, 85.01945495605469, 97.33059692382812, 85.82755279541016]]","[97, 0.12813772055562778, [0.04361214488744736, 0.5624957084655762, 0.2980329394340515, 0.3217162787914276, 0.3713429272174835, 0.6492990255355835, 0.14998626708984375, 0.5670353174209595, 0.06639628112316132, 0.49592745304107666], [98.77550506591797, 82.64317321777344, 91.56977081298828, 89.50495147705078, 86.96538543701172, 79.26009368896484, 95.40709686279297, 84.92218017578125, 98.25462341308594, 81.96234130859375]]","[98, 0.12833927566228387, [0.03866489231586456, 0.3764827847480774, 0.23823457956314087, 0.2462962120771408, 0.4374411404132843, 0.6248087286949158, 0.13665910065174103, 0.629623532295227, 0.08728442341089249, 0.4120849072933197], [98.87754821777344, 90.6607894897461, 93.02325439453125, 91.78218078613281, 84.92871856689453, 79.48430633544922, 96.1377944946289, 83.65758514404297, 97.43326568603516, 86.1248779296875]]","[99, 0.12478930189962477, [0.04314429685473442, 0.40042927861213684, 0.23577620089054108, 0.249013751745224, 0.3153725564479828, 0.6532616019248962, 0.15162847936153412, 0.5168032646179199, 0.08260487020015717, 0.5872244834899902], [98.77550506591797, 89.42731475830078, 93.12015533447266, 91.58416748046875, 89.40937805175781, 78.92377471923828, 95.51148223876953, 87.45136260986328, 97.63861083984375, 79.38552856445312]]","[100, 0.12492762303152499, [0.039128486067056656, 0.578522801399231, 0.29200002551078796, 0.25292980670928955, 0.44159477949142456, 0.6614781022071838, 0.14986157417297363, 0.5819841027259827, 0.0710325688123703, 0.4217970371246338], [98.87754821777344, 82.64317321777344, 91.76356506347656, 91.2871322631836, 84.4195556640625, 78.58744812011719, 95.30271911621094, 84.53307342529297, 98.1519546508789, 85.13379669189453]]","[101, 0.12063782287982697, [0.038782570511102676, 0.36270397901535034, 0.23737865686416626, 0.251168817281723, 0.4049476683139801, 0.636816680431366, 0.1304023265838623, 0.6229130029678345, 0.09288892149925232, 0.3285070061683655], [98.77550506591797, 90.92511749267578, 93.02325439453125, 91.58416748046875, 86.04888153076172, 79.48430633544922, 96.03340911865234, 83.65758514404297, 97.2279281616211, 89.69276428222656]]","[102, 0.11947632261957986, [0.04582273215055466, 0.49659499526023865, 0.24171581864356995, 0.2466004490852356, 0.405569463968277, 0.7013828754425049, 0.14474597573280334, 0.5556648373603821, 0.06756819039583206, 0.630345344543457], [98.77550506591797, 85.99119567871094, 92.63565826416016, 91.78218078613281, 85.7433853149414, 77.24215698242188, 95.40709686279297, 86.28404998779297, 98.1519546508789, 77.50247955322266]]","[103, 0.1172846731370866, [0.03427894040942192, 0.36329931020736694, 0.2526155710220337, 0.25116366147994995, 0.3373495638370514, 0.6783447265625, 0.1394783854484558, 0.574882447719574, 0.08974369615316391, 0.39245590567588806], [98.87754821777344, 91.01321411132812, 92.73255920410156, 91.58416748046875, 87.98371124267578, 78.2511215209961, 95.92902374267578, 85.40856170654297, 97.33059692382812, 86.3230972290039]]","[104, 0.11634283231891157, [0.042786017060279846, 0.5146324634552002, 0.25478798151016235, 0.28602129220962524, 0.3729763925075531, 0.6264212131500244, 0.14004312455654144, 0.5742419362068176, 0.06748723238706589, 0.5652731657028198], [98.77550506591797, 84.75770568847656, 92.44186401367188, 90.59406280517578, 86.65988159179688, 79.9327392578125, 95.92902374267578, 85.5058364868164, 97.94661712646484, 79.28642272949219]]","[105, 0.11594795323881045, [0.03840046748518944, 0.3911951184272766, 0.24998071789741516, 0.21841484308242798, 0.3205367624759674, 0.6506298184394836, 0.1424165964126587, 0.5569308400154114, 0.0793667882680893, 0.6369514465332031], [98.87754821777344, 89.51541900634766, 92.53876495361328, 92.47525024414062, 89.71487426757812, 78.81166076660156, 95.82463836669922, 86.77042388916016, 97.53593444824219, 77.7998046875]]","[106, 0.11274953311622804, [0.03752616047859192, 0.31285688281059265, 0.24037064611911774, 0.21932098269462585, 0.3082815408706665, 0.5607777237892151, 0.1332746297121048, 0.5306448340415955, 0.09942824393510818, 0.36708247661590576], [98.77550506591797, 93.12775421142578, 93.21704864501953, 92.87129211425781, 89.20570373535156, 81.95067596435547, 96.1377944946289, 86.18677520751953, 97.12525939941406, 88.20614624023438]]","[107, 0.1129807083858127, [0.03188987448811531, 0.3618876338005066, 0.2561931610107422, 0.1983218789100647, 0.347342312335968, 0.6065866947174072, 0.1399887502193451, 0.5288342833518982, 0.09507337212562561, 0.4507257342338562], [98.97958374023438, 91.1894302368164, 92.73255920410156, 93.06930541992188, 87.67821502685547, 79.82063293457031, 95.82463836669922, 86.8676986694336, 97.12525939941406, 84.53915405273438]]","[108, 0.11358602089476451, [0.03828214481472969, 0.46654650568962097, 0.24874718487262726, 0.28731435537338257, 0.31117209792137146, 0.6680301427841187, 0.1448071002960205, 0.5836074948310852, 0.06919223815202713, 0.5757854580879211], [98.87754821777344, 86.51982879638672, 92.63565826416016, 90.79208374023438, 89.613037109375, 78.81166076660156, 95.72025299072266, 85.40856170654297, 97.94661712646484, 79.18731689453125]]","[109, 0.11002516970415013, [0.033338744193315506, 0.36851802468299866, 0.2801952362060547, 0.25158756971359253, 0.35421958565711975, 0.5755707621574402, 0.13574466109275818, 0.5383996963500977, 0.07950494438409805, 0.41897231340408325], [98.87754821777344, 90.13215637207031, 92.05426788330078, 91.58416748046875, 87.57637786865234, 81.7264633178711, 95.92902374267578, 86.18677520751953, 97.74127960205078, 85.82755279541016]]","[110, 0.10951912376841154, [0.04155490919947624, 0.4059377908706665, 0.2513056993484497, 0.20503580570220947, 0.3169397711753845, 0.7419015765190125, 0.13408318161964417, 0.5138120055198669, 0.0835687592625618, 0.3966802954673767], [98.77550506591797, 88.98678588867188, 92.82946014404297, 92.97029876708984, 88.90020751953125, 76.90583801269531, 96.03340911865234, 86.77042388916016, 97.33059692382812, 86.42220306396484]]","[111, 0.10683691856208284, [0.02923683449625969, 0.33016687631607056, 0.23339411616325378, 0.19289886951446533, 0.3062269687652588, 0.5541630983352661, 0.13949055969715118, 0.5170718431472778, 0.1113792210817337, 0.38129520416259766], [99.08162689208984, 92.68722534179688, 93.50775146484375, 93.76238250732422, 89.20570373535156, 82.51121520996094, 95.92902374267578, 86.8676986694336, 96.81724548339844, 87.51239013671875]]","[112, 0.10642795410321587, [0.03509819135069847, 0.29441481828689575, 0.2336319535970688, 0.19825588166713715, 0.30727145075798035, 0.6443486213684082, 0.14253924787044525, 0.48503944277763367, 0.0907813310623169, 0.454191118478775], [98.87754821777344, 93.39207458496094, 93.41085052490234, 93.26732635498047, 89.10387420654297, 79.48430633544922, 95.72025299072266, 87.64591217041016, 97.33059692382812, 84.24182891845703]]","[113, 0.1056210722161317, [0.03699987754225731, 0.5096407532691956, 0.2597476840019226, 0.3089459240436554, 0.3531646430492401, 0.6890607476234436, 0.13496212661266327, 0.5288317799568176, 0.06504461169242859, 0.5802977681159973], [98.87754821777344, 84.58149719238281, 92.53876495361328, 90.0, 87.1690444946289, 78.58744812011719, 95.72025299072266, 86.47859954833984, 98.1519546508789, 79.08821105957031]]","[114, 0.10221907422631818, [0.03661893680691719, 0.43538233637809753, 0.25646740198135376, 0.26478707790374756, 0.39059820771217346, 0.6341683864593506, 0.1358996480703354, 0.5859236717224121, 0.06912390887737274, 0.4050517976284027], [98.87754821777344, 87.57709503173828, 92.44186401367188, 91.2871322631836, 85.94705200195312, 79.82063293457031, 95.72025299072266, 85.01945495605469, 98.04928588867188, 85.92666625976562]]","[115, 0.10223276713254151, [0.03766583278775215, 0.39221131801605225, 0.24701198935508728, 0.2554236054420471, 0.3799145519733429, 0.6949209570884705, 0.1326092630624771, 0.5616370439529419, 0.0700501874089241, 0.462854266166687], [98.87754821777344, 89.16300201416016, 92.73255920410156, 91.68317413330078, 86.45621490478516, 78.13902282714844, 95.92902374267578, 85.70038604736328, 97.94661712646484, 83.44896697998047]]","[116, 0.10087481029750628, [0.03818538784980774, 0.48866498470306396, 0.24570013582706451, 0.31110110878944397, 0.3720370829105377, 0.6902656555175781, 0.13439035415649414, 0.6165669560432434, 0.0612030103802681, 0.48890239000320435], [98.87754821777344, 85.37445068359375, 92.73255920410156, 90.1980209350586, 86.76171112060547, 78.58744812011719, 95.82463836669922, 84.72763061523438, 98.35729217529297, 82.2596664428711]]","[117, 0.09928235418513838, [0.03016957826912403, 0.28466296195983887, 0.22503001987934113, 0.18886329233646393, 0.36088353395462036, 0.5976744294166565, 0.14246822893619537, 0.5094156265258789, 0.09835122525691986, 0.33593660593032837], [98.97958374023438, 93.92070770263672, 93.70154571533203, 93.56436157226562, 87.47454833984375, 80.49327850341797, 95.82463836669922, 86.96498107910156, 97.12525939941406, 89.89098358154297]]","[118, 0.09820348758112757, [0.03691994398832321, 0.36795634031295776, 0.24681293964385986, 0.2290962189435959, 0.34758952260017395, 0.6755818128585815, 0.12721839547157288, 0.5234056711196899, 0.0751657783985138, 0.4555761516094208], [98.87754821777344, 89.60352325439453, 92.82946014404297, 92.17822265625, 87.78004455566406, 78.13902282714844, 96.03340911865234, 87.062255859375, 97.94661712646484, 84.24182891845703]]","[119, 0.0981141682998245, [0.03461173549294472, 0.501042902469635, 0.2677196264266968, 0.28643369674682617, 0.4276425242424011, 0.664480984210968, 0.14098379015922546, 0.6380021572113037, 0.061809491366147995, 0.36927130818367004], [98.87754821777344, 84.93392181396484, 92.34496307373047, 90.99010467529297, 85.13238525390625, 79.03588104248047, 95.72025299072266, 83.17120361328125, 98.25462341308594, 87.11595916748047]]","[120, 0.09806605709105894, [0.041980940848588943, 0.3678337633609772, 0.23837538063526154, 0.21889884769916534, 0.39416083693504333, 0.6232348680496216, 0.13052304089069366, 0.5338141918182373, 0.06621632725000381, 0.44911879301071167], [98.77550506591797, 89.77973937988281, 92.92636108398438, 92.57426452636719, 86.04888153076172, 79.7085189819336, 96.1377944946289, 86.57587432861328, 98.04928588867188, 84.4400405883789]]","[121, 0.09566813382437671, [0.033841922879219055, 0.425355464220047, 0.26328474283218384, 0.2869228422641754, 0.3328731656074524, 0.6848732233047485, 0.13165944814682007, 0.5187883377075195, 0.06871636211872101, 0.40706732869148254], [98.87754821777344, 87.8414077758789, 92.34496307373047, 90.79208374023438, 88.39104461669922, 78.475341796875, 95.82463836669922, 86.3813247680664, 97.94661712646484, 85.92666625976562]]","[122, 0.09555219638119239, [0.0321650467813015, 0.32446199655532837, 0.23708392679691315, 0.16347305476665497, 0.3321363627910614, 0.6066492795944214, 0.12740685045719147, 0.4776553213596344, 0.09176748991012573, 0.48524346947669983], [98.87754821777344, 92.59912109375, 93.41085052490234, 94.65347290039062, 88.1873779296875, 80.04484558105469, 95.82463836669922, 88.1323013305664, 97.43326568603516, 83.349853515625]]","[123, 0.092846341142332, [0.03307964280247688, 0.27878105640411377, 0.2130151242017746, 0.25236770510673523, 0.3244199752807617, 0.519207239151001, 0.12963055074214935, 0.5433824062347412, 0.08392989635467529, 0.366822212934494], [98.87754821777344, 93.83260345458984, 94.08914184570312, 91.68317413330078, 88.90020751953125, 83.1838607788086, 95.82463836669922, 86.28404998779297, 97.74127960205078, 88.50347137451172]]","[124, 0.09227798491291002, [0.036369841545820236, 0.37258052825927734, 0.24847501516342163, 0.22117912769317627, 0.3124140501022339, 0.6656893491744995, 0.12128147482872009, 0.49955612421035767, 0.0760396346449852, 0.429721862077713], [98.87754821777344, 89.77973937988281, 92.82946014404297, 92.47525024414062, 89.10387420654297, 79.03588104248047, 96.3465576171875, 87.45136260986328, 97.94661712646484, 85.13379669189453]]","[125, 0.09128046997811529, [0.03360739350318909, 0.26545846462249756, 0.22314144670963287, 0.20019744336605072, 0.2725319266319275, 0.5449488759040833, 0.12150074541568756, 0.5129312872886658, 0.09026160091161728, 0.4652920961380005], [98.87754821777344, 94.27313232421875, 93.60464477539062, 93.06930541992188, 90.529541015625, 82.28700256347656, 95.92902374267578, 87.35408782958984, 97.53593444824219, 84.1427230834961]]","[126, 0.09151969816120727, [0.028339477255940437, 0.2924821972846985, 0.2057790458202362, 0.17747657001018524, 0.29777640104293823, 0.6428771615028381, 0.13519646227359772, 0.49647778272628784, 0.10103923082351685, 0.3698888123035431], [99.08162689208984, 93.74449920654297, 94.28294372558594, 94.15841674804688, 89.40937805175781, 79.37220001220703, 95.82463836669922, 87.54863739013672, 97.12525939941406, 88.30525207519531]]","[127, 0.08905572928948152, [0.03718253970146179, 0.43309396505355835, 0.2658589482307434, 0.2606674134731293, 0.33688539266586304, 0.62001633644104, 0.136030912399292, 0.5084188580513, 0.0595504567027092, 0.48935914039611816], [98.87754821777344, 87.31277465820312, 92.24806213378906, 91.68317413330078, 88.08554077148438, 80.60538482666016, 95.72025299072266, 86.96498107910156, 98.1519546508789, 82.5569839477539]]","[128, 0.0885458476592405, [0.033150460571050644, 0.29096874594688416, 0.22283808887004852, 0.1882239282131195, 0.3707762360572815, 0.5854980945587158, 0.12024194002151489, 0.509623646736145, 0.08816976845264435, 0.33136558532714844], [98.87754821777344, 93.39207458496094, 93.60464477539062, 93.3663330078125, 86.8635482788086, 80.94170379638672, 95.82463836669922, 86.96498107910156, 97.53593444824219, 89.59365844726562]]","[129, 0.088385939313494, [0.03376603126525879, 0.35748329758644104, 0.2511472702026367, 0.2534380853176117, 0.3217397630214691, 0.5321034789085388, 0.1369503289461136, 0.5176942944526672, 0.07122877985239029, 0.3191981613636017], [98.87754821777344, 90.13215637207031, 92.82946014404297, 91.9802017211914, 88.90020751953125, 83.07174682617188, 95.6158676147461, 86.47859954833984, 97.74127960205078, 89.79187774658203]]","[130, 0.08685109892727888, [0.03451905772089958, 0.32589608430862427, 0.23124009370803833, 0.18628783524036407, 0.33032310009002686, 0.6286233067512512, 0.12181182950735092, 0.5102977156639099, 0.07757175713777542, 0.4774067997932434], [98.87754821777344, 91.71806335449219, 93.41085052490234, 93.56436157226562, 88.39104461669922, 79.9327392578125, 96.24217224121094, 87.84046936035156, 97.63861083984375, 83.349853515625]]","[131, 0.08670264515298692, [0.03255356103181839, 0.30164021253585815, 0.224665567278862, 0.18548394739627838, 0.3170152008533478, 0.5866520404815674, 0.12328025698661804, 0.4663391411304474, 0.08746109902858734, 0.3785497844219208], [98.87754821777344, 93.0396499633789, 93.79844665527344, 93.66336822509766, 89.30754089355469, 81.05381774902344, 95.92902374267578, 88.32685089111328, 97.53593444824219, 87.8097152709961]]","[132, 0.08539734220178574, [0.03599485754966736, 0.28917133808135986, 0.23767630755901337, 0.26385554671287537, 0.28135764598846436, 0.5854746103286743, 0.12492731213569641, 0.5053893327713013, 0.06806561350822449, 0.4747732877731323], [98.87754821777344, 93.0396499633789, 93.31394958496094, 91.78218078613281, 90.22403717041016, 81.50224304199219, 96.24217224121094, 87.45136260986328, 97.94661712646484, 83.54806518554688]]","[133, 0.08364217240680276, [0.031008608639240265, 0.38131093978881836, 0.2596338987350464, 0.22172921895980835, 0.27844247221946716, 0.6171348094940186, 0.12994816899299622, 0.4870036542415619, 0.07552921772003174, 0.40639010071754456], [98.87754821777344, 89.2510986328125, 92.92636108398438, 92.57426452636719, 90.02037048339844, 80.60538482666016, 95.82463836669922, 87.64591217041016, 97.84394836425781, 86.22398376464844]]","[134, 0.08226348790338855, [0.03484702855348587, 0.37636521458625793, 0.24966202676296234, 0.2469673752784729, 0.3488784432411194, 0.6850388050079346, 0.1239442229270935, 0.5197681784629822, 0.06365743279457092, 0.4508683681488037], [98.87754821777344, 89.51541900634766, 92.82946014404297, 92.17822265625, 87.67821502685547, 78.58744812011719, 96.03340911865234, 86.96498107910156, 98.1519546508789, 84.63825225830078]]","[135, 0.08197026968726943, [0.032009076327085495, 0.2814192771911621, 0.20504698157310486, 0.1854463368654251, 0.2892780601978302, 0.49766987562179565, 0.12286686152219772, 0.4829692244529724, 0.09336581081151962, 0.3526712656021118], [98.87754821777344, 93.92070770263672, 94.28294372558594, 93.76238250732422, 89.71487426757812, 84.19283294677734, 95.92902374267578, 87.937744140625, 97.43326568603516, 89.0981216430664]]","[136, 0.08242404850972719, [0.03122529573738575, 0.3631611764431, 0.24143169820308685, 0.22400441765785217, 0.3445436954498291, 0.594925045967102, 0.12834763526916504, 0.5130010843276978, 0.0712796151638031, 0.3819159269332886], [98.97958374023438, 89.69163513183594, 93.12015533447266, 92.57426452636719, 87.78004455566406, 80.94170379638672, 95.82463836669922, 87.35408782958984, 97.84394836425781, 87.41328430175781]]","[137, 0.08023500050668672, [0.03510593995451927, 0.3543151915073395, 0.24198567867279053, 0.23386050760746002, 0.3452671766281128, 0.6091199517250061, 0.12013110518455505, 0.5231223106384277, 0.06497746706008911, 0.43036389350891113], [98.87754821777344, 90.04405975341797, 93.12015533447266, 92.27722930908203, 87.67821502685547, 80.94170379638672, 96.24217224121094, 87.062255859375, 98.04928588867188, 85.23291015625]]","[138, 0.07931496005007918, [0.02930063009262085, 0.29411160945892334, 0.2204355001449585, 0.195926696062088, 0.2809324562549591, 0.5441060662269592, 0.13392074406147003, 0.4483763575553894, 0.0849963054060936, 0.37918809056282043], [98.97958374023438, 93.0396499633789, 93.99224853515625, 93.3663330078125, 90.02037048339844, 82.51121520996094, 95.82463836669922, 88.52140045166016, 97.53593444824219, 87.61149597167969]]","[139, 0.07898229881568669, [0.035801973193883896, 0.35482320189476013, 0.23716646432876587, 0.28443440794944763, 0.3183806836605072, 0.6242150664329529, 0.1158478707075119, 0.5221095085144043, 0.06301410496234894, 0.42686885595321655], [98.87754821777344, 89.77973937988281, 93.50775146484375, 90.8910903930664, 88.49287414550781, 80.71749114990234, 96.3465576171875, 86.8676986694336, 98.1519546508789, 85.13379669189453]]","[140, 0.07797631925779135, [0.03399988263845444, 0.4309318959712982, 0.25157132744789124, 0.23288625478744507, 0.3261702060699463, 0.6236004829406738, 0.13359321653842926, 0.49879080057144165, 0.06213879585266113, 0.3746795356273651], [98.87754821777344, 87.66519927978516, 92.73255920410156, 92.37623596191406, 88.49287414550781, 80.82960510253906, 95.92902374267578, 87.54863739013672, 98.04928588867188, 87.2150650024414]]","[141, 0.07659540612736104, [0.02764938212931156, 0.20944011211395264, 0.22302190959453583, 0.16626526415348053, 0.2298508733510971, 0.571549654006958, 0.12190288305282593, 0.45680731534957886, 0.10077237337827682, 0.37936103343963623], [99.08162689208984, 95.33039855957031, 94.08914184570312, 94.85148620605469, 91.9552001953125, 81.50224304199219, 96.03340911865234, 88.52140045166016, 97.2279281616211, 88.0079345703125]]","[142, 0.07725102329911614, [0.03429136052727699, 0.36780351400375366, 0.23463016748428345, 0.287505179643631, 0.3841918408870697, 0.5712980628013611, 0.12929946184158325, 0.510209858417511, 0.058301568031311035, 0.3653075397014618], [98.87754821777344, 89.2510986328125, 93.50775146484375, 90.8910903930664, 86.35437774658203, 82.28700256347656, 96.03340911865234, 86.8676986694336, 98.25462341308594, 87.31417846679688]]","[143, 0.07686577841276857, [0.033616166561841965, 0.38458937406539917, 0.23388786613941193, 0.20947091281414032, 0.30401238799095154, 0.6123570799827576, 0.1227249875664711, 0.5027334094047546, 0.06839314848184586, 0.4213995039463043], [98.87754821777344, 89.3392105102539, 93.31394958496094, 92.77227783203125, 89.40937805175781, 80.82960510253906, 96.1377944946289, 87.64591217041016, 97.94661712646484, 85.62934112548828]]","[144, 0.07453466137978455, [0.0335136353969574, 0.2921927571296692, 0.22915978729724884, 0.22271142899990082, 0.32226139307022095, 0.5234306454658508, 0.11921591311693192, 0.46902284026145935, 0.07288727909326553, 0.34214624762535095], [98.87754821777344, 93.0396499633789, 93.50775146484375, 92.87129211425781, 88.79837036132812, 83.29597473144531, 96.24217224121094, 88.03501892089844, 97.74127960205078, 88.70169067382812]]","[145, 0.07494169547894634, [0.03129340708255768, 0.28726962208747864, 0.23060646653175354, 0.20617426931858063, 0.27038639783859253, 0.6633288264274597, 0.12208841741085052, 0.5056794881820679, 0.07120831310749054, 0.486941933631897], [98.87754821777344, 93.30397033691406, 93.31394958496094, 92.97029876708984, 90.529541015625, 79.59642028808594, 96.24217224121094, 87.74319458007812, 97.94661712646484, 83.25074005126953]]","[146, 0.07535693542557949, [0.030268726870417595, 0.2518397569656372, 0.21840959787368774, 0.19276709854602814, 0.2567789554595947, 0.48632994294166565, 0.11732038855552673, 0.4349094033241272, 0.09071504324674606, 0.35600805282592773], [98.97958374023438, 94.53744506835938, 94.37984466552734, 93.76238250732422, 90.529541015625, 84.6412582397461, 96.1377944946289, 88.91050720214844, 97.43326568603516, 88.89990234375]]","[147, 0.07335746498848351, [0.034423403441905975, 0.35602444410324097, 0.24440041184425354, 0.2429986298084259, 0.3408302068710327, 0.6111257672309875, 0.12635540962219238, 0.5110763907432556, 0.058166712522506714, 0.39548689126968384], [98.87754821777344, 89.77973937988281, 93.12015533447266, 92.27722930908203, 87.78004455566406, 81.16592407226562, 96.1377944946289, 87.062255859375, 98.1519546508789, 86.1248779296875]]","[148, 0.07436697387807893, [0.033125683665275574, 0.30093660950660706, 0.23257018625736237, 0.20178207755088806, 0.2834245562553406, 0.6529665589332581, 0.12176410108804703, 0.47572848200798035, 0.0660107433795929, 0.48508283495903015], [98.87754821777344, 92.33480834960938, 93.41085052490234, 93.06930541992188, 89.613037109375, 79.7085189819336, 96.1377944946289, 88.22957611083984, 98.04928588867188, 83.15164184570312]]","[149, 0.07207398210968723, [0.03464995324611664, 0.38940030336380005, 0.2500460743904114, 0.26481693983078003, 0.3177589476108551, 0.6236557364463806, 0.11377134174108505, 0.499851793050766, 0.05913642793893814, 0.44867628812789917], [98.87754821777344, 88.63436889648438, 93.02325439453125, 92.07920837402344, 88.2892074584961, 80.82960510253906, 96.45094299316406, 87.54863739013672, 98.04928588867188, 84.24182891845703]]"
